///////////////////////////////////////////////////////////////////////////////////
///                                                                             ///
///                                                                             ///
///              QQQ       UUU  UUU    KKK   KK    EEEEEEE    TTTTTTT           ///
///             Q   Q       u    U      K   K       E    E    T  T  T           ///
///            Q     Q      U    U      K  K        E  E         T              ///
///            Q     Q      U    U      KKK         EEEE         T              ///
///            Q QQQ Q      U    U      K  K        E  E         T              ///
///             Q   Q       U    U      K   K       E    E       T              ///
///              QQQ QQ      UUUU      KKK   KK    EEEEEEE      TTT             ///
///                                                                             ///
///                      Quantum Computing Simulator Ver Beta                   ///
///                                                                             ///
///        Copyright 2019-2020                                                  ///
///        QC Project Team, Ten-no Research Group                               ///
///        All rights Reserved.                                                 ///
///                                                                             ///
///////////////////////////////////////////////////////////////////////////////////
Start at 2021-01-20 23:02:34.478248
+-------------+
|  Job #   1  |
+-------------+
8 processes  x  4 threads  =  Total 32 cores

 *** Geometry **************************
  B       0.0000     0.0000     0.0000
  H       1.2320     0.0000     0.0000
 ***************************************

E[FCI] = -24.80993998362657
E[HF]  = -24.752788371680808
Performing VQE for uccsd
Number of VQE parameters: 117
Initial configuration: |000000111111>
Theta list = read
Circuit order: Exp[T1] Exp[T2] |0>
Initial E[uccsd] = -24.809870069495  <S**2> = 0.000000001389067  rho = 8
    1:  E[uccsd] = -24.809870077657  <S**2> = 0.000000001331746  CPU Time =  9.06 (0.12 / step)
Final:  E[uccsd] = -24.809870077657  <S**2> = 0.000000001331746  rho = 8

(UCCSD state)
 Basis       Coef
|000000111111> : +0.9569 +0.0000j
|000011001111> : -0.1523 +0.0000j
|001100001111> : -0.1520 +0.0000j

----Amplitudes----
2a -> 6a  : -0.0126360785
3a -> 6a  : -0.0173515967
2b -> 6b  : -0.0126424736
3b -> 6b  : -0.0173538665
2a2b -> 4a4b  : 0.0138105853
3a2b -> 4a4b  : -0.0179423879
2a3b -> 4a4b  : 0.0179395624
3a3b -> 4a4b  : 0.0387411382
2a2b -> 5a5b  : 0.0138304317
3a2b -> 5a5b  : -0.0179873077
2a3b -> 5a5b  : 0.0179877168
3a3b -> 5a5b  : 0.0387560943
2a2b -> 6a6b  : 0.0165674005
3a2b -> 6a6b  : 0.0111873869
2a3b -> 6a6b  : -0.0111820085
3a3b -> 6a6b  : 0.0137957213
------------------

Dipole moment (in Debye) :
x = 0.61081     y = 0.00001    z = -0.00001
| mu | = 0.61081

 === Computing 1RDM === 

Daa
 
                0               1               2               3               4               5          
    0       0.9999803      -0.0004554      -0.0008022      -0.0000000       0.0000002       0.0002546  
    1      -0.0004554       0.9773771      -0.0243010      -0.0000018       0.0000022      -0.0120145  
    2      -0.0008022      -0.0243010       0.9378591      -0.0000008      -0.0000006      -0.0160570  
    3      -0.0000000      -0.0000018      -0.0000008       0.0365314       0.0000005       0.0000003  
    4       0.0000002       0.0000022      -0.0000006       0.0000005       0.0364442      -0.0000005  
    5       0.0002546      -0.0120145      -0.0160570       0.0000003      -0.0000005       0.0118079  

Dbb
 
                0               1               2               3               4               5          
    0       0.9999803      -0.0004556      -0.0008026      -0.0000000       0.0000003       0.0002543  
    1      -0.0004556       0.9773782      -0.0243001       0.0000004       0.0000020      -0.0120208  
    2      -0.0008026      -0.0243001       0.9378577       0.0000001      -0.0000032      -0.0160590  
    3      -0.0000000       0.0000004       0.0000001       0.0365314       0.0000005      -0.0000005  
    4       0.0000003       0.0000020      -0.0000032       0.0000005       0.0364442      -0.0000004  
    5       0.0002543      -0.0120208      -0.0160590      -0.0000005      -0.0000004       0.0118082  

 Done: CPU Time =           9.2514
End at 2021-01-20 23:02:44.597380
